7126
0 1
3685
3 0
3615
2 0
3785
2 0
6489
1 2
4685
3 0
0
7618
0 2
4175
1 2
5971
1 1
0
4123
0 2
5678
0 2
1456
1 1
1267
0 1
2485
0 2
3754
0 2
0
1234
0 1
2567
0 1
3689
2 0
4789
2 0
0
1234
0 3
1423
0 2
2365
2 1
2351
1 1
6342
3 0
7342
3 0
8342
3 0
0
9876
0 2
8954
3 0
8953
2 0
8914
2 0
9765
0 3
6954
3 0
0
4123
0 2
1534
0 2
2367
0 1
3589
0 2
6341
1 0
5291
2 2
0
9876
0 1
5432
0 2
4512
0 2
3241
0 2
1357
1 2
7643
1 0
0
4123
0 1
1245
0 1
1256
1 0
2574
0 1
3958
0 2
8123
0 1
0
1628
0 1
2934
2 0
7936
3 0
4536
1 0
0
3527
0 1
1746
0 2
2198
0 2
6845
1 0
6924
1 1
0
5678
1 0
9465
0 2
6791
0 1
3146
0 2
4762
0 2
0
4123
0 2
1645
1 1
1256
0 1
2374
0 1
8941
2 2
0
9871
0 2
8945
0 1
7382
1 2
7348
0 2
2597
1 0
0
8412
0 2
6145
0 1
3482
0 2
1893
0 2
7321
0 1
0
8936
0 1
3742
1 1
3425
0 1
2547
2 0
1647
2 1
0
4123
0 2
1645
0 2
2354
0 2
3496
0 1
8531
1 1
0
7216
0 2
9852
0 1
5761
1 0
3784
0 2
8421
1 1
0
9876
0 1
8543
0 2
7435
1 1
5482
1 1
5138
0 2
0
6495
0 2
5913
1 0
2643
1 0
5748
1 1
5247
1 1
0
9876
0 1
8543
0 2
7421
1 1
6329
0 2
4931
1 1
0
6549
0 2
5937
1 1
5683
1 0
5472
0 1
4697
0 1
0
9876
1 1
9754
0 1
8326
0 2
6831
1 1
0
5713
0 2
7456
0 1
9134
2 1
9132
1 2
0
9876
1 1
9754
0 2
8573
0 2
7842
2 1
2847
3 0
0
4627
0 1
5182
0 2
2814
0 2
8245
2 0
1943
1 1
0
9876
0 1
8543
1 0
8214
0 2
7521
1 1
1923
2 1
0
5834
0 1
4728
0 1
8619
2 0
8614
1 0
7519
2 0
2319
2 2
0
9876
0 2
8954
0 1
7643
0 2
6291
1 1
6184
0 1
1397
1 0
0
1827
2 0
5826
1 0
3847
0 2
5983
0 1
0
9876
1 1
9754
0 3
8475
1 1
5973
1 1
5496
0 2
4279
3 0
4179
3 0
0
8169
0 2
1583
0 2
5978
0 2
6348
0 2
5614
1 1
0
4123
0 1
5678
0 3
1567
0 3
2756
0 2
6815
2 1
0
7293
0 2
5319
0 3
3152
0 2
9835
2 2
9538
1 3
0
9876
1 1
9754
0 2
8573
0 2
7842
2 0
7346
0 0
0
5417
0 1
1729
1 1
1652
1 1
9624
1 1
0
1234
0 1
9128
1 1
4238
0 1
8651
0 1
3786
1 1
7924
1 1
0
9617
1 2
7695
0 3
9768
1 1
5716
1 2
0
4123
0 1
5678
0 1
1459
0 2
2794
2 1
2964
1 1
9426
0 3
0
4123
1 0
5678
0 2
3456
0 1
4187
2 1
4789
1 3
0
3715
0 2
9657
0 2
7923
1 1
4593
0 1
7386
2 0
0
6341
1 1
8451
2 0
8621
2 0
6479
1 1
4389
0 1
0
1234
1 0
1567
0 2
5278
1 1
5684
0 1
0
3482
1 1
8192
0 2
5287
1 0
1386
0 3
0
5917
0 2
2754
1 2
2495
0 2
7564
2 1
3574
3 0
0