0123
0 3
1034
0 3
2340
1 1
3510
0 3
6301
3 0
7301
3 0
8301
3 0
0
0123
0 2
1045
1 1
1256
0 0
2074
0 1
3805
2 1
0
0123
0 3
1034
0 2
2305
2 1
2351
1 1
6302
3 0
7302
3 0
8302
3 0
0
3527
0 1
1746
0 1
2198
0 1
6805
1 0
9403
2 1
4903
1 3
4309
2 2
0
0123
0 2
1045
1 1
1256
0 1
2074
0 1
3805
2 1
0
8410
0 2
6145
0 0
3082
0 3
0893
0 4
0398
2 2
0
0123
0 2
1045
0 2
2354
0 2
3406
0 0
5217
1 2
8512
3 0
0
9876
0 1
8543
0 3
7435
1 1
5482
1 1
5138
0 3
3085
1 2
0
9876
0 1
8543
0 1
7421
1 0
6320
0 2
5601
1 1
0931
1 3
0
9876
1 1
9754
0 0
8326
0 3
6831
1 1
2860
2 2
0
9876
1 1
9754
0 2
8573
0 2
7842
2 1
0847
3 0
0
9876
0 1
8543
1 0
8210
0 2
7521
0 1
6103
1 3
0
9876
0 2
8954
0 1
7643
0 1
6291
1 1
6180
0 2
0
9876
1 1
9754
0 3
8475
1 1
5973
1 1
5496
0 2
4279
3 0
4179
3 0
0
0123
0 1
5678
0 3
1567
0 3
2756
0 2
6815
2 1
0
9876
1 1
9754
0 2
8573
0 2
7842
2 0
7346
0 0
0
1234
0 1
9028
1 1
4238
0 1
8051
0 1
3786
1 1
7904
1 1
0
0123
0 1
5678
0 1
1459
0 2
2794
2 1
2964
1 1
9406
0 3
0
0123
1 0
5678
0 2
0456
0 1
4187
2 2
7184
1 3
0
0123
0 2
5678
0 2
1056
1 1
1267
0 1
2085
0 2
3750
0 2
0